EDM scores
0.05519554376504221
0.05638646462669868
0.057356644069106844
0.057604969408986996
0.05766242787106658
0.05859181933529674
0.0587022071217876
0.05909407401123761
0.059137518322545435
0.059408554437667516
0.05943605961683659
0.059553430227424084
0.05958147262007881
0.06008317590831952
0.060125695349606434
0.06020753274150594
0.060389043838168906
0.06068463791409962
0.06076938498731917
0.06090142012008503
0.061471227131041785
0.06159690502394954
0.06161815333368475
0.061629782380288545
0.061643843711534835
0.0617519248926999
0.06179615052467416
0.06189485763141315
0.06205609195809999
0.062174469269897566
0.062357508579292995
0.062423166208425265
0.0625059860624097
0.06252233920083139
0.06255229291198071
0.0627180459508222
0.06273475074418033
0.06275817988543124
0.06281341079998395
0.0628458380723718
0.06288166060831023
0.06290633327209094
0.06291814536508739
0.06292414570419778
0.06299419628907967
0.0630428430737764
0.0630479751539506
0.06305200951210786
0.06309965704934058
0.06310037296324268
0.0632417011772393
0.06331182627224344
0.06331999465556236
0.06332538036877915
0.06336926866206995
0.06339678326575238
0.06340404430040696
0.06343233103741865
0.06352025221515381
0.06358897301770262
0.06363239443998166
0.06364027503026308
0.06368208445437488
0.06378973301737456
0.06389078074387004
0.06389102072779058
0.06399135772509586
0.06412630332712108
0.06421924216777412
0.06426914188745717
0.06433535054785071
0.06434069534338692
0.06438334143880454
0.06439968946402627
0.06440595135154127
0.06441147549795993
0.06446294259776138
0.06449252576123818
0.06455691869276012
0.06465264198483889
0.06467247378507468
0.06474926108655163
0.06476642227892901
0.06480262695143094
0.06480820564470023
0.06480838714449262
0.06488421322795268
0.06502983937705732
0.06511512802261232
0.06530092279963277
0.06533106117803011
0.0653485698250011
0.06539290330902445
0.06540887166237154
0.06543080432590863
0.06547650593305653
0.06553507689654761
0.06554722217107511
0.06560864087532585
0.0657174854849442
0.0657188200572813
0.06584193043909697
0.0658702529490427
0.06588304333750569
0.06591898802756592
0.06601792270472272
0.06618566874027643
0.06632071196514838
0.06641356454529443
0.06647409222170601
0.0665158458025627
0.06653215431644188
0.06654062285771946
0.06663487935634438
0.06664161354782876
0.06671628413338365
0.06676972074027478
0.06677531656635495
0.06683959461049858
0.06697354438104301
0.06701338378940806
0.06702926881993669
0.06704900389789921
0.06707751445207905
0.06711461163834367
0.0671392787781432
0.06716940776226532
0.06717865944714671
0.0673118221480166
0.06736859948740798
0.06743284010255488
0.06752696490892704
0.06757533417339374
0.06759501080835321
0.06761891599473287
0.06787764795150893
0.06789498735284104
0.06789760651296144
0.06800064939667735
0.06800455845032302
0.06808385938664868
0.06821130346944582
0.06827907207494052
0.06833023938710706
0.06835758720005687
0.0684049027840813
0.06842405553144529
0.0685041074596368
0.06852839944295937
0.06858046980701003
0.06866722606876866
0.06866732155968827
0.06867793650880927
0.06872856301479438
0.06883583454643137
0.06889799442345775
0.06895529962149514
0.06900486542318533
0.06906891563262142
0.06909633621483548
0.06920384079889927
0.06929272593876105
0.06931261800427725
0.06932070784328657
0.0693367783775766
0.06965692668259431
0.06967250044278891
0.06988296629455021
0.06991892970608425
0.06993316499946403
0.07007746897980262
0.07007829221180249
0.0701264135274129
0.0701892291280303
0.07023167471763046
0.070260577788757
0.07032941088757894
0.07037955530613559
0.07039023166487954
0.07046900453516845
0.07047662764123362
0.07056981559471101
0.07079520230283633
0.07083643927700776
0.07085346576794789
0.07088075357083666
0.07090027650803882
0.07092213593084001
0.07096532858873814
0.07096969709647588
0.07096987431391276
0.07098269903258833
0.07105501531320586
0.07105917552161954
0.07106511882318997
0.07108967937502378
0.07113731036142631
0.0711383813700344
0.07124945398721667
0.07125242616281581
0.07128300045200088
0.07128378869190881
0.07128701369959968
0.0713315459738886
0.07135472410430492
0.07136327366661313
0.07137046702978878
0.07140752292790352
0.07141638654235317
0.07145960604441579
0.07145970469299799
0.07152149407503941
0.07165532625678483
0.07168093915833305
0.07171335864251999
0.07172553391340693
0.07175760078559634
0.07176494109807326
0.07178370742288816
0.07191006838789675
0.07198221104230634
0.07202424207717162
0.07204706983503514
0.07220036668158382
0.0722067891485234
0.0722136636455608
0.07226583264976104
0.0722760789057661
0.07229171534511254
0.07230940059917748
0.07240978848192763
0.07241434940335156
0.07243178329730911
0.0724634628980589
0.07247351093623293
0.07248452441911539
0.07248920883331546
0.07250074641329676
0.07250121821579039
0.07250718411638457
0.07251469650421091
0.07254601997775852
0.07257370088301708
0.07261655854586754
0.07266551912133339
0.07268033175318994
0.0727239911709017
0.07272995459931324
0.07276705771022318
0.07279220743795507
0.07285385860586992
0.07285912144214551
0.0728726162119458
0.07291526678575708
0.0729166520392443
0.07292538955951158
0.07293635621802477
0.07293638463655575
0.07295453272097803
0.07297062848423819
0.07298977528970502
0.07299808144475797
0.07300851079502595
0.07313751378439524
0.07320745234695418
0.07323468324667233
0.0732566381761922
0.07327152766178582
0.0733525151224225
0.07339623045940805
0.07342127122443448
0.0734352434395552
0.07344334819366619
0.07345221752752722
0.07347414754056807
0.07347429905277789
0.07347988579820923
0.07348443172712743
0.07349492934438082
0.07350194722863228
0.07351747667710154
0.07354363925506177
0.07356038632708628
0.07357823653316171
0.07358918886767543
0.07360656823638348
0.07361815985038898
0.0736219117845959
0.0736370554426794
0.07368394567382347
0.0736896421159832
0.0737352945180663
0.07374297495589276
0.07374451662595904
0.07374869777684989
0.07376368861625135
0.07377511096364822
0.07377632647145976
0.07379939509744304
0.0738301865374631
0.07384755588571422
0.07387941495456689
0.07389869251457848
0.07399916449694972
0.07405593150434575
0.07406128902717857
0.07411923803922982
0.07413027537267429
0.07414578913840528
0.07416701084099843
0.07422297624524168
0.07424341635071523
0.07427126869572091
0.07431969480581213
0.07435436653780121
0.07444494927416781
0.07452286922951902
0.07455387141529003
0.07457178714521101
0.07458376336062492
0.07459132257418288
0.07462755523385436
0.07468738691650642
0.07474266631373847
0.07477647633244552
0.07480190323063493
0.07480206250369704
0.07485424777449713
0.0748650155172887
0.0748771625652803
0.07487817615458893
0.07488609660687731
0.07492060901330133
0.07500297721609873
0.07506096816304474
0.0751007148916386
0.07517403753987927
0.07518274691721796
0.075183845440855
0.0751859325622763
0.07524739587030976
0.07527248079032532
0.0753081245075491
0.07531330461923146
0.07532515299978737
0.07532668402113013
0.07534372687681289
0.07545972391922247
0.0754898196782154
0.07558317815632914
0.07560780740159626
0.07574315751777753
0.07580805038184385
0.0758445837174486
0.07584771760256093
0.07588202958567035
0.07589924504995604
0.07591664274517988
0.07594996136131704
0.07596193567203681
0.0759621658849292
0.07599272174183688
0.07599904869321583
0.07603739183004768
0.07604629631637953
0.07605744419102653
0.07608143238547285
0.0760916872321063
0.07612566537618679
0.07613454519537534
0.07616800549192283
0.07619452679430987
0.07626900130425307
0.076270281434095
0.07629521079947271
0.07629544114473637
0.07631172866749064
0.07636302197560654
0.07637738469181686
0.07646103381314137
0.07646799087033533
0.07647979777919343
0.07653889600899011
0.07655819966270447
0.07656402093670639
0.07656621818012939
0.07657479054082793
0.07659699687113752
0.07661614954201977
0.07664400797536018
0.07667472678591415
0.0767157455177708
0.07674241651584833
0.0767424675500226
0.07674791240762104
0.07680909299197186
0.07684450289200627
0.07685198941193438
0.07686509699452983
0.07691794199874029
0.07695094231128463
0.07700021036094044
0.07702449053668602
0.0770650749230304
0.07706645602916454
0.07707736552019816
0.07707855528601393
0.07708640963751708
0.0771084076838081
0.07712402417755446
0.07712832416523117
0.07715433327068072
0.07717809774492938
0.07718531674239394
0.07719208495754708
0.07720369338629736
0.07720949650932574
0.07722350458127256
0.07722953377941577
0.07728230623203335
0.07731407111876419
0.07733356245795095
0.07733453434007392
0.07740046869817672
0.07741287158494406
0.07747584438226643
0.07748084973556255
0.07749545350593623
0.07749930055384026
0.07750743883694088
0.07750986141004201
0.07752084673951744
0.07754765084801186
0.07754917835526141
0.07758111825122348
0.07762933854938601
0.07763845900452039
0.07763917795547431
0.0776534363491008
0.07767667750604071
0.07769121232240762
0.0776952834648394
0.07770246649477079
0.07770611624133508
0.07776894637999618
0.07777111550941093
0.07778800145816638
0.0778035881260181
0.07781015738106434
0.07784563699807898
0.07784989045698147
0.0778578709111999
0.07786188562001466
0.07787407994371216
0.07788178253685886
0.07799425314410802
0.07802683720967855
0.07804593667004711
0.07805022211598163
0.07805146940582668
0.07809053884469652
0.07809507806745151
0.07810615896436011
0.07811627760070704
0.07812109926886866
0.07813526134740909
0.0781443094195767
0.07814490870815559
0.07815038151227328
0.07819334278374392
0.07820260377861231
0.07820387448694022
0.07821892921245181
0.07824412861623928
0.078250735536154
0.07828646675679958
0.07829090856776262
0.07829239594780042
0.07832427599920846
0.07833609205156769
0.07835999438931945
0.07837438278600217
0.07839099614113003
0.07840715343847893
0.07841011495808861
0.07841277131559987
0.07841303514239063
0.07841889496634703
0.0784237234821611
0.07843357093107034
0.07846425448158718
0.07846927109041413
0.07848771246899423
0.07848836055621541
0.07851312058017847
0.07852360628406226
0.07852371973776809
0.07854025768002301
0.07854330219043365
0.07855290788249483
0.07855766699314953
0.07859410014773338
0.07860868661913513
0.07861655788364058
0.0786329758733432
0.07863728919531816
0.07864685443038484
0.07865757772540709
0.07865826663619994
0.07867483185745228
0.07868180068401975
0.07869670295304744
0.07870786811865474
0.07872349138749841
0.07874030352676435
0.07874088305807035
0.07874288193432166
0.07874582705408974
0.0787505455108214
0.07875175705693664
0.07879496533486598
0.07880182330064565
0.0788048405954719
0.07880597650491254
0.07880937794738777
0.0788160050731655
0.07887027939573814
0.07887041115613111
0.07888334395535185
0.07890975285177305
0.07891282960928123
0.07892136055422594
0.07893000478661312
0.07893992133564073
0.07894286242781301
0.07896253296164721
0.07900956937232816
0.07901945842571967
0.07903148741777948
0.07903215340426187
0.07903312708423504
0.07903765066236457
0.07904500687731762
0.07904865008176896
0.07905173013683987
0.07906706931297093
0.07907162267638763
0.07910059081091832
0.0791013539846758
0.0791165463163134
0.07912639653628618
0.07913212391611947
0.07913480747225485
0.07913554916126085
0.07913796245945197
0.07914004486739783
0.07914922525409632
0.07918399157298808
0.07919957724506403
0.07922044100318595
0.07922150879573539
0.07922787259437374
0.07923691553949885
0.07924812590331098
0.07924839397989289
0.0792485045597171
0.07926482877845774
0.07930729883733806
0.07933037012961448
0.07934448813805706
0.07934565820865419
0.0793460264707946
0.0793506867070497
0.07938840689052677
0.07939109123651611
0.07939617396481577
0.07939910893221318
0.07940209350588072
0.0794102590004348
0.07941138112531737
0.07941261172407246
0.07942425000277424
0.07942949005827611
0.07946425919115968
0.07948395465308379
0.07948527176849762
0.07951328784084406
0.07951863444229756
0.0795481519419304
0.07956177165032918
0.07957180135101256
0.07957711481233924
0.07958133591654093
0.07958520055832137
0.07959192156659894
0.07959681574872328
0.0796149030719559
0.07961665048110292
0.07963637361056114
0.07964769772608966
0.07965795471759804
0.07966450043047617
0.07967052424294488
0.07968250980152075
0.07972988656296583
0.07973674883354377
0.07975084281473079
0.07975349825955104
0.07975668491354801
0.07978861337746798
0.07981440264203829
0.07981784205489982
0.07982417646569831
0.07984418665341415
0.07985645812851348
0.0798675373256249
0.07987639564637793
0.07988561078118407
0.07989497436755645
0.07990273552635634
0.07991381804646877
0.079930034563086
0.07993870780839744
0.07994567255561599
0.0799500098846749
0.07995856814256809
0.0799595192441835
0.07996078372674183
0.07996108034558233
0.0799625686432432
0.07997583338126626
0.07999227521576416
0.08002027971872043
0.08003472689806415
0.0800493764174778
0.0800500852542526
0.08005079747886173
0.08005509117074545
0.0800596314782304
0.08006630624532646
0.08006999859331708
0.08009100064641331
0.08009676933530757
0.08012036339964164
0.08012390406038454
0.08014346129336956
0.08014859156301457
0.08015873682607949
0.08016759976485018
0.08016928601793143
0.08017279375598253
0.08018199060147439
0.08018209968299002
0.0801949427867289
0.08020789339266164
0.08024883269459362
0.08025923642877839
0.0802615825505156
0.0802722323659545
0.08027638886017498
0.0802788242738975
0.08028561163437299
0.08029108951768954
0.0803138711939821
0.08032202553675084
0.0803224590691504
0.08032694972120259
0.08033165065518942
0.08033536058608717
0.08034357044750653
0.08035333802842709
0.08037237228476146
0.08037276390825947
0.08037445380065507
0.08037474304524247
0.08037633673950308
0.08037729195225353
0.08037786731724869
0.08038399891380898
0.08038422875173096
0.08038630654755934
0.08038820934247183
0.08040150636020181
0.08042067438316049
0.08042967757811184
0.08043802647336958
0.08044273208060751
0.08044356353853223
0.08044465276812664
0.0804451092625483
0.08044569395719497
0.08045535953217123
0.08046992396644533
0.08047152538879994
0.08047280188384447
0.08048386328656182
0.08048688609464003
0.08049797001819671
0.08052233161332521
0.08053432658341765
0.08054129890202202
0.08054149904828464
0.08055813060007543
0.0805587779188373
0.0805669934221588
0.0805718966678048
0.08057369374333206
0.08057866304292323
0.08057962658791035
0.08058845862552652
0.0805889205796284
0.08059954836890477
0.08060003453797475
0.08060159698337287
0.08061336477509666
0.08062161527196662
0.08062476486286274
0.08062621826330225
0.08062788362527737
0.08063304938350799
0.08063875637840585
0.08064860436148438
0.08065342868626243
0.08065512913758019
0.08065516118817245
0.08066615818609071
0.0806752064264767
0.08068720820095422
0.08070304976949182
0.08070337005530785
0.08071983489958841
0.08072182430957626
0.08072385379634398
0.08072496525490695
0.0807372340975477
0.08074604878125
0.08074766478376633
0.08075331534026112
0.08077615418840642
0.08080453286525384
0.0808062861323191
0.08080812554721849
0.08080964138070082
0.08082319374604943
0.0808285851813041
0.08083670650035508
0.08083850485118631
0.08083928234123382
0.08084151788504143
0.08084376881034488
0.08084598976711145
0.0808586768913164
0.08085888980769425
0.08086325200765396
0.08086705967970988
0.08087429772334802
0.08089026733260883
0.08089833778190893
0.08090744811250764
0.08090933021134615
0.08092159627382682
0.08093164389437485
0.08094056284213648
0.08094119289998374
0.0809539322305275
0.0809595524321853
0.08097319604478898
0.0809772013697528
0.08099051705864613
0.0810033228708464
0.08100469003776142
0.0810058101371905
0.08101346647667153
0.08101635353874916
0.08101992138107188
0.08102035604693124
0.08103492254255977
0.08103896476350095
0.08106387713199142
0.08108455673721103
0.08109031811339576
0.08110274073225868
0.08110651585512567
0.08110793597734639
0.0811094214382709
0.08111025966879491
0.08111224836999595
0.08112361716961049
0.08114041784553858
0.08114675475301066
0.08115298584103942
0.08115350188056329
0.08116581662479437
0.0811808949378415
0.08118537673005796
0.08118904479522003
0.08119145741997033
0.08119842571614615
0.08119862253914246
0.08120348386081602
0.08120477272338546
0.08120747268457448
0.08120834182662263
0.08121827492044156
0.08122830700876747
0.08123345583809159
0.08125854503580511
0.08126119761310227
0.08126661648726204
0.08127249358776399
0.08127301362933094
0.08127474727623499
0.08127668154603493
0.0812790061212731
0.08128266164175658
0.08128450364817369
0.08129843950589341
0.08130368682314605
0.08131042783059984
0.08131793706087198
0.08131940104855576
0.08131993967130942
0.08133176481228357
0.08133709701449121
0.08133963251325102
0.08134245380695831
0.08134481424983904
0.08134786195381408
0.08135028270783205
0.08135154999399663
0.08135574042203067
0.08135689087397927
0.08136173844720135
0.0813618643163456
0.08136484213548145
0.08138582853306273
0.08139963583050681
0.08141307073789439
0.08141385426847611
0.0814210930343377
0.08143697601243813
0.08144102637017848
0.08144269200573397
0.08144533066742271
0.08144713168539056
0.08145034750842517
0.08145514151263017
0.08146253886121468
0.08146465827441382
0.08147282609769188
0.08150779818452647
0.08151529584529169
0.08151767602133253
0.08151827324775013
0.08153680297825036
0.0815409780967227
0.08154379157437049
0.08154450790202092
0.08154698916220439
0.08155232731386601
0.08155284657255424
0.08158079796235039
0.08158390361816352
0.08158498265142686
0.0815984361544153
0.08159865136180555
0.08160181302949093
0.08161196241364058
0.08162293971695592
0.08162303637844989
0.08162440956729182
0.08162491863298701
0.08162861999445604
0.08163455718107024
0.08164194237324299
0.08164406196283082
0.08165535211159283
0.08165672110740063
0.08165946659622948
0.08166417822314728
0.08168650198432148
0.08168754445010637
0.08172541361812179
0.08172841008359756
0.08173617735999106
0.08174924084388427
0.08176189487503559
0.08176285321433512
0.08176478404748624
0.0817747903347943
0.081785510682117
0.08178720841893967
0.0818088704904178
0.08182236273136126
0.081836250413137
0.08183779983820033
0.08184476312988005
0.08184897714820653
0.0818512732486339
0.08185378890100341
0.08185475246125617
0.08185859628488493
0.08185969591100654
0.08186259582154985
0.08188438910120972
0.08189821081698215
0.08190316142765992
0.08190723471144389
0.08191164261171932
0.08191950466193391
0.08192953949666586
0.08194203727960829
0.08194608153456709
0.08195739636658302
0.08199827534791566
0.08199976430630987
0.0820078973667496
0.08201841544056115
0.08202165426075256
0.08202339263876811
0.08202479888716471
0.0820359951836126
0.08203673806603566
0.08204350526867336
0.08204375397981145
0.08205434541551512
0.08205554687186124
0.08205953018534896
0.08206695958273241
0.08207225519474388
0.08208232031531928
0.08209829964271069
0.08210021296874447
0.08210197162528121
0.08210681978013648
0.08213391762492579
0.08215203957400899
0.08253083779139868
0.08311208008043924
0.08331719206825951
0.0839994108082387
0.08420098899376718
0.08430425150230157
0.0843672698809892
0.08488859614129288
0.0867126704446255
0.0868454185715827
0.08701038018759874
0.08762666449485071
0.08763750153554263
0.08836578629557727
0.09005564241047855
0.09039113225260367
0.09133936263183916
0.09143634352528675
0.09232802571206092
0.09391492521943083
0.09449876485684947
0.09460184904877257
0.09473267972372076
0.09506788514583453
0.09532189028378614
0.09539505638400937
0.09614450484351798
0.09738280109246802
0.09805196885519724
0.09806280488607075
0.09837114821744516
0.09843595474275664
0.0994226349212986
0.09946675530604634
0.09962195251201311
0.10017655982806328
0.10067790301049588
0.10136497786668094
0.10182801498225799
0.10216496898702566
0.1028460838713968
0.10303710536870543
0.10458111533858903
0.1056122552896766
0.10683374570839521
0.10714208685666637
0.10738456825670178
0.10796649242986665
0.10960463129755411
0.11123139706641927
0.11215305619833113
0.11244694498832698
0.11336829860233813
0.11414239542443032
0.11416963703684663
0.11534684130880542
0.11543209114755129
0.11648188285435425
0.11651594279317748
0.11682873388243405
0.11800394317276024
0.11823826116241624
0.11940025966140085

